000810000020000000010900700070025093402000000000000500097500000563000004000000680,934817256728653419615942738176425893452398167389176542897564321563281974241739685
500063400000700000100050830000018007006900000043000900000000000000070020320640500,598163472632784159174259836259418367816937245743526981465892713981375624327641598
003460020058020001020900080001000090200783000000000300009006000000000056060070210,913468527458327961627915483731542698296783145584691372179256834842139756365874219
000000020007500090600004000000007000025096100900000083000600850000010000040320070,894163725137582496652974318481237569325896147976451283713649852268715934549328671
007090000306040007000000000905670100030001006000000074040200001000100000508003002,187396425396542817452718369925674183734821956861935274649287531273159648518463792
600340500009050408000080000061000740000400300000006020100060050804000007700001000,687342591239157468415689273561238749972415386348976125193764852824593617756821934
803600000716050400400000001000070000035004070000906010000100000980200000000000320,823641957716359482459728631194572863635814279278936514342185796987263145561497328
500420870640000000308000005070003041000200000081000206060000910000730000000000000,519426873647358129328197465276983541435261798981574236763845912152739684894612357
604300000000506209000000007309008000510000000000000075900000000020047010705003060,694372158173586249258491637369758421517234896482169375931625784826947513745813962
009060000021900080030007090000000154010000000070000000003010600000350900890200040,759468213621935487438127596386792154914583762572641839243819675167354928895276341
100830005054000000060000030012900600600400009000302007480200000000010000029005000,197834265354126978268579134812957643673481529945362817481293756536718492729645381
800200000000006070003090500000000000095400020380507900700000264100000030000008790,857234619912856473463791582274169358695483127381527946738915264149672835526348791
000005000410700000000000207100000000900024500073680004030060900004090000006000050,627815439419732685385946217142357896968124573573689124731568942854293761296471358
000062700032000000060000054000010500000300090910000008000203605840500003000000800,581462739432795186769138254374819562628357491915624378197283645846571923253946817
040002503000000720000004090050000100006813050204600000870030900060509000500020000,647982513985361724123754896358247169796813452214695387872136945461579238539428671
000004051900700000000050080000402006500030010120000000001060000294000700080000005,378694251915728634462153987839412576547936812126875349751369428294581763683247195
036008700001000028502000000420600000350000000000045900000980000000007100103000070,936128754741596328582734619429673581357819246618245937275981463864357192193462875
000100004400000070600039000020000093001008000000000400080050900005070081000200036,298167354413825679657439128524716893931548762876392415182653947365974281749281536
001000038000057000060000000500108600009060800008540070005001400030000010007030050,751496238982357164364812597573128649149763825628549371295671483436985712817234956
000056100070008000600004000056007020090805040007030000108000094005000008000000001,284756139579318462613294587856147923391825746427639815168572394935461278742983651
802100050000002004031000090000000005000609208040010000004008600700900000603000900,872194356965382174431567892189273465357649218246815739594738621718926543623451987
000600000006170000024000050503001002080006004200009000001000005000057409000000320,318645297956172843724398651563481972189726534247539168491263785632857419875914326
930020060002000700600008900000045009040600000007000008050000000700000020009007800,938721465412956783675438912261845379843679251597312648356284197784193526129567834
040100039000000006065000200800461000000008470000000900380004010000300000007200000,248156739793842156165739284879461325536928471421573968382694517654317892917285643
950060004000800000000050010006001009200000300400009800013000700670002000000000035,957163284142897653368254917786321549291485376435679821513948762674532198829716435
700001003005020900309000170000000000968002000000000608000083010070400000581000090,726941583815327946349658172152864739968732451437195628694583217273419865581276394
098000302007090000060320070000000000006089004800004000080600150001400700000007400,198745362327896541465321978249563817576189234813274695784632159931458726652917483
709805000600100800000000090800400010000050040200007005006000789020900000000003060,739845126654192873182376594865439217973251648241687935316524789427968351598713462
000004800790580000000090000075000040106200000000000007510300200004800001602400500,253614879791583426468792315875936142146257938329148657517369284934825761682471593
000800000860000950309002408000001320600000005200000000000000000001903040002004030,125849763864137952379562418958471326643298175217356894436715289581923647792684531
300060042000005000061030000080007006700020105090000300000013000500006093007400000,359761842472985631861234759185347926743629185296158374928513467514876293637492518
600000200071300000390400070003002890010080004000500100060008540000000001008200000,654897213871326459392451678743612895516983724289574136967138542425769381138245967
500600700380000040100304005060800200450200000000001570600010000000000008000040137,542689713386175942197324865761853294459267381238491576673518429914732658825946137
006000510052070000007610000080000050700002698004007000009260000000090300000000160,396428517152379486847615923281936754735142698964857231419263875678591342523784169
000000270090200000040906000006000000001605300200098000750460000008000100000300007,613854279597213468842976531486732915971645382235198746759461823368527194124389657
000860905080000021700004008620005430500070000000040600000092080061000500000000000,132867945486539721759124368628915437543276819917348652375492186261783594894651273
390080000060003470070602003020100000005200900600005000002007000009040500000800000,391784256268953471574612893923178645845236917617495328432567189789341562156829734
000820400520040010600000007040009020002500000903700006008010000000200030000000005,371825469529647318684391257845169723762534981913782546458913672197256834236478195
000920001000057000900306042092170004030000000060009000400030000600008000027000600,376924581241857936985316742592173864738465219164289357459632178613798425827541693
000201030001000400700000095000040910004307000106900000600020007050009000200600050,945271638361598472728463195572846913894317526136952784689125347453789261217634859
000500020008407600010060000600000700081009002007008500200800050000000000000021030,769583421328417695415962873632154789581679342947238516293846157174395268856721934
209000080000008006000090000050700304080010002010603700090260050300000000001007000,239476185574128936168395247956782314783914562412653798897261453325849671641537829
000000000000080020080306901300200000060000072040100005009700000200500340000009000,123975864695481723784326951357264198961853472842197635419732586276518349538649217
000030000160000000000105000000009400420080060700000502001800600009500007000063940,957638214164972358238145796816259473425387169793416582371894625649521837582763941
080000090005080700700009004016042000030090107800030000400000500020500010000010900,182457693945386721763129854516742389234895167897631245471968532629573418358214976
030000000100003675007200001090028356005000000000040900000780000010062007000000080,536871249182493675947256831794128356825639714361547928259784163418362597673915482
050410009000000008700020400310040906060000030008300000800000000920000000000031070,253418769194673258786529413312745986469182537578396124837254691921867345645931872
100000000000069070806500004600003200037090105200000700000050000004000000000730809,159347682342869571876521934615473298437298165298615743783952416924186357561734829
006350000780060900000000080050200000028000001403800200060000003000020400000096100,296358714781462935345917682657231849928645371413879256162784593579123468834596127
000070006000094000025100004900008000070049000068000057380000700000300600006000200,894572136613894572725163894932758461571649328468231957389426715247315689156987243

