100503700603008090000009800010000000876100000000006000000000007080907604700060312,198543726643278591527619843914735268876192435235486179462351987381927654759864312
005000740300600019000001005000700020900005800700840000003090002090400000800000103,215983746387654219469271385538716924941325867726849531653198472192437658874562193
000000005020009000090020003730048100000360000580000400010003580004200000009780002,473816925628539741195427863732948156941365278586172439217693584864251397359784612
040100000000000000653000001080900740002400910000000208000562000010070060004001003,947153682128649357653287491381926745572438916496715238839562174215374869764891523
075000003400000010000672000009001600000300005020560004907040000003809000000000000,275184963486935712391672548539421687764398125128567394917243856643859271852716439
003080500040000090700150400980001005002079830005060000100006050800000700000000004,623984517541627398798153426987231645462579831315468972179846253854312769236795184
800900000000524000005010670020000004501700003000000016400008001000060007000000890,813976425697524138245813679329681754561749283784235916472398561958162347136457892
000000000000860079000005400000000000053090000006700580500002043270600000809400050,648179325325864179917325468182546937753298614496731582561982743274653891839417256
006104090350009000000250000000005008000000200032400071800090300095000700040701000,726134895358679142419258637971325468684917253532486971867592314195843726243761589
000600800003504000650021700060000000000000050071380020007010604010000000900003007,742639815183574269659821743365192478298746351471385926537218694814967532926453187
708200060004008009001050000000000002006001040300000670040100000000045087005070003,758294361234618759691753824489567132576321948312489675847132596163945287925876413
003009000000002300000050087600000005309400000400005230007013000006008090001200000,163789524785642319924351687612837945359426178478195236547913862236578491891264753
000027000013004000009005700080000300500900100000032000651000040008000090000040605,865127439713694582429385761984751326532968174176432958651279843348516297297843615
000008000203000406005403700004000600090800000500904002700589003400200070000000000,947658321283791456615423789824135697396872514571964832762589143438216975159347268
090000080500000096000000400600340000900000020200060017010000800060017009700095000,196734582534281796827956431671342958953178624248569317419623875365817249782495163
200070040109300000000800200560007801700000000090260030005730004600010098000000000,286571943159324786374896215563947821742183659891265437925738164637412598418659372
007000003400060012000003700108057000000080060000002100000000000600045900009000087,267514893493768512815293746138657429724189365956432178381976254672845931549321687
100000000090000060820400090060000800200098700040270300000700015000006030050000900,173569482594832167826417593761345829235698741948271356389724615417956238652183974
300005078000607000060010400600000307004900060000000004420000000000008051013006700,391425678248637915567819423652184397184973562739562184425791836976348251813256749
100708006045000200000001090004390000000000008030100000000009070090006005050270000,129758346745963281683421597874395612512647938936182754268519473497836125351274869
000026390000000000208300000709000080350009010000200006000051600400000007000000530,547126398631598472298374165769415283352689714184237956823751649415963827976842531
000490060006000058050007004000000531590080006200000400000003000040000002002100000,128495763476231958359867124684972531591384276237516489915623847843759612762148395
064970000500001000900040500000032000000700420008010050735000009690080070000000600,164975382583261794927348516459832167316759428278614953735126849691483275842597631
240060070000091000000000001000200009010089700509000300050620004070008650006500000,241865973835791246697432581783256419412389765569174328958627134374918652126543897
040080000000300097030070050502040708800000200000900000000004000607800900004750001,745689132268315497139472856592143768813567249476928513381294675657831924924756381
000000600000400097000701802470018000000200006390004010050000100700050000004809060,247985631813462597965731842472618953581293476396574218658347129729156384134829765
000000000680000049000070005108006000367900800000700000040820037705010090000000020,572469381681532749439178265198256473367941852254783916946825137725314698813697524
700000058000600920000000000060045000400398006083000000030000200640070803000006500,714923658358617924296854731967145382425398176183762495539481267642579813871236549
070800010200000049300609070090003004607020900000000000018000706000000000900001250,579842613286317549341659872895763124637124985124598367418235796752986431963471258
000200000104080000005600048790000400000407030000010270000003901040000000009705000,683254197174389562925671348798532416251467839436918275567843921842196753319725684
000005093900360002075090000000800031024100050700000000500009040002070000008000000,246785193981364572375291486659842731824137659713956824537619248192478365468523917
080052000000097000060000010000500086390000240040006009020300500008000000470000000,784152693132697854569483712217549386396718245845236179921374568658921437473865921
080600000060049002005010006000400057002003001000060000050000100400021090000390000,284635719163749582975218346316482957742953861598167234659874123437521698821396475
000007005005012000007000800004900610006001009000205000800003020090600500000000006,238497165645812793917356842524938617386741259179265438861573924793624581452189376
030070000400500008001800004500400060000080030700026800100000007200701000004000600,835274196467519328921863574583497261642185739719326845198632457256741983374958612
010090000000407260000020800020600000003000005900003107006000900400070000790002000,214896753358417269679325841827651394143789625965243187586134972432978516791562438
007000008090087000006090030010000400000060029050000000004000210071900000080300040,547632198193487652826195734719253486438761529652849371964578213371924865285316947
100007900000020040000000516240000000900002030000050000560000070020403000070800002,154637928698521743732948516245396187916782435387154269563219874829473651471865392
068000004005009000300100000070040100080000432016050000000010890000060003000004070,968527314125439768347186529273948156589671432416253987634712895791865243852394671
001000004500040020470920600057800903840000010000070500000090000086500000010003000,621735894598146327473928651157862943842359716369471582735294168286517439914683275
000000945000090000050002076205003000600700050400020008020000003087010090000080000,832671945746598231951432876275863419618749352493125768124957683387216594569384127
700480032050000004030902810000800090005000007210003000000000081000030000000209000,791485632852316974634972815467821593385694127219753468943567281526138749178249356
020000000730102800000307002065700010008050060000008070413000000500400009002500300,926845731734192856851367492365724918178953264249618573413279685587436129692581347
025010807107204050060000000009500010200730000000002000058000000000003004700000698,325916847197284356864375921679548213281739465543162789458697132916823574732451698
800006040506800000700090300001000060000408002000010003085600004000000030040905200,892736541536841729714592386421359867357468192968217453185623974279184635643975218
005000000000010734000000600002690000030507900060000050050024080040900300907300000,175436298896215734324879615582693471431587926769142853653724189248951367917368542
082009500609500800000000060030008000400000070008002040201000700000040300000080019,182679534679534821354821967736418295425963178918752643241395786897146352563287419
000902700900000080000000060400000000207001000000840005003006024000500010002000837,814962753976354182325178469489235671257691348631847295193786524748523916562419837
000000006600000020038150000046000300003090150000200004000500000000000030001070049,459723816617489523238156497946815372723694158185237964394562781872941635561378249
