809070000000020000006000530000057000700000090600092008380000460207004003000000001,829573614543621879176948532498157326732486195651392748385219467217864953964735281
000010020000400000060300009600200480084001000000508300000000005052070060047900000,493615827528497613761382549675239481384761952219548376836124795952873164147956238
380100000000050600000900003040000000005018000000090561060024780800000006004080020,386172954419853672527946813741365298695218437238497561163524789852739146974681325
070160000400007000000008002009000205200900100000503600600200800910000003007000006,375162984482397561196458372869714235253986147741523698634271859918645723527839416
904072800000803600800900000609000010083007000007000002200038500000729006000600000,964572831172843659835961274629485713483217965517396482246138597358729146791654328
000030760500009102900000000049005300000003270005200000000007504001040000060000000,124538769583679142976124853249715386618493275735286491392867514851942637467351928
050000043010000082084007010071090000400000000023010060800100026000704000000902000,759821643316549782284637915571296834468375291923418567897153426632784159145962378
040008000006020000005700008052007000100350000400002700070900064000000010000431002,743198625816523497925764138352647981187359246469812753271985364534276819698431572
507000008006040007093700000000307050030020000002001800000000010100400090904003000,517932468286145937493768521641387259839524176752691843325879614178456392964213785
060500070805003002020000005700080090080060004000400300000000030000705600003098000,169524873845973162327816945734182596581369724296457318958641237412735689673298451
600070000017306000400000000090203500000704082020090000900017003200000701000030065,632479158517386249489125376894263517361754982725891634946517823253648791178932465
900600005000000001031040700000058607002010040000000900400005080050109000009070000,947681325285793461631542798394258617562917843718436952476325189853169274129874536
000400560010506090000097300009020040600005000000370000502000000063000000000960800,297431568314586297856297314139628745678145923425379186582714639963852471741963852
000090000460000070009000510005300040003020800800000000000081907001600002230000000,158793624462815379379462518695378241713924865824156793546281937981637452237549186
040000003900700040306000200000009067000020054005010902008102000020045009053000000,541286793982731546376594218234859167719623854865417932498162375127345689653978421
060070000305002004001000002000041060700009000000000800000507049096000100000003000,962174358375892614481356972859241763713689425624735891138567249596428137247913586
000030500000000007000791020100000608800003900090500240009046080010000000000200490,471832569928465137563791824135924678842673915697518243759146382214389756386257491
000901006900056000106070500070800300820000050001005000000704180630000200000000000,752941836983256417146378592579812364824637951361495728295764183637189245418523679
030002001000000060624003000300700800200000300001204007000510000400000005009000070,935862741178495263624173598346751829257986314891234657782519436413627985569348172
040000560800000031001043200008017000200030010000005000903800020000090080004006007,347182569825769431691543278438617952259438716716925843963874125572391684184256397
000019020400020060009300007000203000170000009000090304096000830050600000000000001,637419528418527963529386147984253716173864259265791384796142835351678492842935671
806740005000000000012000047000500000509060000000001020000100050007800009450009300,896743215745216893312985647184527936529368471673491528968132754237854169451679382
040000000800060500009005070030050001000087400900004300002030080000008605000100000,245793816873261549619845273438952761156387492927614358762539184391478625584126937
800039007003400000006080005600000200300090060070000090040100030107000008000002000,854239617713465982296781345689317254325894761471526893942178536167953428538642179
042008060000001000670000030200800000000050200063400070500000040000730000080090010,142378569398561427675942831254817396719653284863429175537186942921734658486295713
008000041010090200700000500090700608000000002006002010030005000002006073001800000,968527341415693287723148596294751638187369452356482719839275164542916873671834925
050490006000003290000000508038000100100030020000079000086002050090006000207000000,852497316461853297973261548738524169149638725625179483386742951594316872217985634
007002005000010002300050064150200007072000030900003050400100000005000000000090600,697432815584617392321958764153269487872541936946873251439126578765384129218795643
900060000008342000060009020341000500700000000000100709200006001600700904050000000,932561847178342695465879123341297568789635412526184739297456381613728954854913276
150000090000001008304070050500090006009784000000500009000003002030000400400100060,152638794976451328384279651517392846629784135843516279765843912231965487498127563
000080432009140000000000070904000605010800020200500000087020009000000040000001700,156789432379142856842365971934217685715896324268534197687423519591678243423951768
069003000003400009800007000500000204600080900300005000000056007140000600000900800,469523718723418569815697342581369274674281953392745186938156427147832695256974831
001000039800200004000100000004700200090000000050083040400012005900000000003400067,621547839837269514549138672364751298798624351152983746476312985915876423283495167
009040060000300000060008102004003800000100406080057000327000005600000004000720030,819245367742316589563978142274693851935182476186457293327864915698531724451729638
000970060000863000000000500700080010060001800090007000002400039600000005040350200,428975361915863427376142598753684912264591873891237654582416739639728145147359286
700800290040030000680500007100060970000003400800000000400900601000005000009000040,735816294941237856682594317123468975597123468864759123458972631216345789379681542
000000004000340750900018002300600007710000000092050003170000000060090400200000005,523769184681342759947518362358621947716934528492857613179485236865293471234176895
006890400007005080800001000000600070300070000109000002090000000003500200004000009,516893427937425681842761395425618973368972154179354862691237548783549216254186739
000030000640008300005090014008000000002063001500000060000900000000007490780010506,297431685641258379835796214368149752972563841514872963426985137153627498789314526
000002000048100000030040071085001600090064300000500009500200000800057000007030200,751982463648173592239645871485391627192764385376528149564219738823457916917836254
004052080020000000000604030056090300407000058090010007000700260000000000103000009,634952781725138496981674532256897314417263958398415627549781263862349175173526849
000000700009000000010002508040000900900005830008040016007000000500708040002051070,825419763739586421614372598241863957976125834358947216197234685563798142482651379
000005700058000060003001980920700000600040050000020006000400501580007000002000000,219865734758394162463271985925736418637148259841529376376482591584917623192653847
090800700000059040010740000007000400069007003400500090508000010100080005070000000,294831756783659142615742938357298461869417523421563897548376219132984675976125384
080000000020000607104002050000300001005001020000050030030009000006010300009670008,987536214523194687164782953492368571375941826618257439831429765746815392259673148
000300050000010306007065020000000500729000100060020079096081200000400010804000000,681342957452917386937865421148679532729538164563124879396781245275493618814256793
008059000000004010000860000010000930002000800090006000000705320907000000500001740,248159673639274518175863492716528934352947861894316257481795326967432185523681749
004007020600042000500100000001400350000020460000000008002500010000890200006000840,184957623697342581523168794761489352358721469249635178832574916415896237976213845
700002059004650000602000000000078040005000908040300100000040093000007800010000200,783412659194653782652789431921578346365124978847396125276841593539267814418935267
030000409067090000010083000900000005100200900000000028000002106000400007000001580,835127469267594831419683752972846315186235974543719628798352146351468297624971583


